tesla3

f =

   1.0e+12 *

         0
   -2.7548
    0.0000
         0
         0
   -2.6781


f =

   1.0e+12 *

   -0.0000
   -2.7548
    0.0000
   -0.0000
   -0.0000
   -2.6781


f =

   1.0e+12 *

   -0.0000
   -2.7548
    0.0000
   -0.0000
   -0.0000
   -2.6781


f =

   1.0e+12 *

   -0.0000
   -2.7548
    0.0000
   -0.0000
   -0.0000
   -2.6781


f =

   1.0e+12 *

   -0.0000
   -2.7548
    0.0000
   -0.0000
   -0.0000
   -2.6781


f =

   1.0e+12 *

   -0.0000
   -2.7548
    0.0000
   -0.0000
   -0.0000
   -2.6781


f =

   1.0e+12 *

   -0.0000
   -2.7548
    0.0000
   -0.0000
   -0.0000
   -2.6781


f =

   1.0e+12 *

   -0.0000
   -2.7548
    0.0000
   -0.0000
   -0.0000
   -2.6781


f =

   1.0e+12 *

   -0.0000
   -2.7548
    0.0000
   -0.0000
   -0.0000
   -2.6781


f =

   1.0e+12 *

   -0.0000
   -2.7548
    0.0000
   -0.0000
   -0.0000
   -2.6781


f =

   1.0e+12 *

   -0.0000
   -2.7548
    0.0000
   -0.0000
   -0.0000
   -2.6781


f =

   1.0e+12 *

   -0.0000
   -2.7548
    0.0000
   -0.0000
   -0.0000
   -2.6781


f =

   1.0e+12 *

   -0.0000
   -2.7548
    0.0000
   -0.0000
   -0.0000
   -2.6781


f =

   1.0e+12 *

   -0.0000
   -2.7548
    0.0000
   -0.0000
   -0.0000
   -2.6781


f =

   1.0e+12 *

   -0.0000
   -2.7548
    0.0000
   -0.0000
   -0.0000
   -2.6781


f =

   1.0e+12 *

   -0.0000
   -2.7548
    0.0000
   -0.0000
   -0.0000
   -2.6781


f =

   1.0e+12 *

   -0.0000
   -2.7548
    0.0000
   -0.0000
   -0.0000
   -2.6781


f =

   1.0e+12 *

   -0.0000
   -2.7548
    0.0000
   -0.0000
   -0.0000
   -2.6781


f =

   1.0e+12 *

   -0.0000
   -2.7548
    0.0000
   -0.0000
   -0.0000
   -2.6781


f =

   1.0e+12 *

   -0.0000
   -2.7548
    0.0000
   -0.0000
   -0.0000
   -2.6781


f =

   1.0e+12 *

   -0.0000
   -2.7548
    0.0000
   -0.0000
   -0.0000
   -2.6781


f =

   1.0e+12 *

   -0.0000
   -2.7548
    0.0000
   -0.0001
   -0.0000
   -2.6781


f =

   1.0e+12 *

   -0.0000
   -2.7548
    0.0000
   -0.0001
   -0.0000
   -2.6781


f =

   1.0e+12 *

   -0.0000
   -2.7548
    0.0000
   -0.0001
   -0.0000
   -2.6781


f =

   1.0e+12 *

   -0.0000
   -2.7548
    0.0000
   -0.0001
   -0.0000
   -2.6781


f =

   1.0e+12 *

   -0.0000
   -2.7548
    0.0000
   -0.0001
   -0.0000
   -2.6781


f =

   1.0e+12 *

   -0.0000
   -2.7548
    0.0000
   -0.0002
   -0.0000
   -2.6781


f =

   1.0e+12 *

   -0.0000
   -2.7548
    0.0000
   -0.0003
   -0.0000
   -2.6781


f =

   1.0e+12 *

   -0.0000
   -2.7548
    0.0000
   -0.0004
   -0.0000
   -2.6781


f =

   1.0e+12 *

   -0.0000
   -2.7548
    0.0000
   -0.0004
   -0.0000
   -2.6781


f =

   1.0e+12 *

   -0.0000
   -2.7548
    0.0000
   -0.0004
   -0.0000
   -2.6781


f =

   1.0e+12 *

   -0.0000
   -2.7548
    0.0000
   -0.0007
   -0.0000
   -2.6781


f =

   1.0e+12 *

   -0.0000
   -2.7548
    0.0000
   -0.0009
   -0.0000
   -2.6781


f =

   1.0e+12 *

   -0.0000
   -2.7548
    0.0000
   -0.0017
   -0.0000
   -2.6781


f =

   1.0e+12 *

   -0.0000
   -2.7548
    0.0000
   -0.0019
   -0.0000
   -2.6781


f =

   1.0e+12 *

   -0.0000
   -2.7548
    0.0000
   -0.0020
   -0.0000
   -2.6781


f =

   1.0e+12 *

   -0.0000
   -2.7548
    0.0000
   -0.0020
   -0.0000
   -2.6781


f =

   1.0e+12 *

   -0.0000
   -2.7548
    0.0000
   -0.0037
   -0.0000
   -2.6781


f =

   1.0e+12 *

   -0.0000
   -2.7548
    0.0000
   -0.0045
   -0.0000
   -2.6781


f =

   1.0e+12 *

   -0.0000
   -2.7548
    0.0000
   -0.0086
   -0.0000
   -2.6781


f =

   1.0e+12 *

   -0.0000
   -2.7548
    0.0000
   -0.0093
   -0.0000
   -2.6781


f =

   1.0e+12 *

   -0.0000
   -2.7548
    0.0000
   -0.0102
   -0.0000
   -2.6781


f =

   1.0e+12 *

   -0.0000
   -2.7548
    0.0000
   -0.0102
   -0.0000
   -2.6781


f =

   1.0e+12 *

   -0.0000
   -2.7548
    0.0000
   -0.0184
   -0.0000
   -2.6781


f =

   1.0e+12 *

   -0.0000
   -2.7548
    0.0000
   -0.0225
   -0.0000
   -2.6781


f =

   1.0e+12 *

   -0.0000
   -2.7547
    0.0000
   -0.0430
   -0.0000
   -2.6780


f =

   1.0e+12 *

   -0.0000
   -2.7547
    0.0000
   -0.0467
   -0.0000
   -2.6780


f =

   1.0e+12 *

   -0.0000
   -2.7547
    0.0000
   -0.0512
   -0.0000
   -2.6780


f =

   1.0e+12 *

   -0.0000
   -2.7547
    0.0000
   -0.0512
   -0.0000
   -2.6780


f =

   1.0e+12 *

   -0.0000
   -2.7545
    0.0000
   -0.0922
   -0.0000
   -2.6778


f =

   1.0e+12 *

   -0.0000
   -2.7542
    0.0000
   -0.1127
   -0.0000
   -2.6775


f =

   1.0e+12 *

   -0.0000
   -2.7524
    0.0000
   -0.2152
   -0.0000
   -2.6758


f =

   1.0e+12 *

   -0.0000
   -2.7520
    0.0000
   -0.2334
   -0.0000
   -2.6754


f =

   1.0e+12 *

   -0.0000
   -2.7514
    0.0000
   -0.2562
   -0.0000
   -2.6749


f =

   1.0e+12 *

   -0.0000
   -2.7514
    0.0000
   -0.2562
   -0.0000
   -2.6749


f =

   1.0e+12 *

   -0.0000
   -2.7453
    0.0000
   -0.4617
   -0.0000
   -2.6699


f =

   1.0e+12 *

   -0.0000
   -2.7380
    0.0000
   -0.5651
   -0.0000
   -2.6623


f =

   1.0e+12 *

   -0.0000
   -2.6920
    0.0000
   -1.0836
   -0.0000
   -2.6191


f =

   1.0e+12 *

   -0.0000
   -2.6805
    0.0000
   -1.1718
   -0.0000
   -2.6081


f =

   1.0e+12 *

   -0.0000
   -2.6646
    0.0000
   -1.2908
   -0.0000
   -2.5933


f =

   1.0e+12 *

   -0.0000
   -2.6645
    0.0000
   -1.2987
   -0.0000
   -2.5938


f =

   1.0e+12 *

   -0.0000
   -2.5628
    0.0000
   -1.9767
   -0.0000
   -2.5069


f =

   1.0e+12 *

   -0.0000
   -2.4538
    0.0000
   -2.3368
   -0.0000
   -2.4006


f =

   1.0e+12 *

   -0.0000
   -1.5944
    0.0000
   -4.1553
   -0.0000
   -1.6319


f =

   1.0e+12 *

   -0.0000
   -1.3062
    0.0000
   -4.3384
   -0.0000
   -1.3512


f =

   1.0e+12 *

   -0.0000
   -0.8907
    0.0000
   -4.8615
   -0.0000
   -1.0135


f =

   1.0e+12 *

   -0.0000
   -0.9398
    0.0000
   -5.0715
   -0.0000
   -1.1104


f =

   1.0e+12 *

   -0.0000
   -0.0588
    0.0000
   -5.9269
   -0.0000
   -0.4391


f =

   1.0e+12 *

   -0.0000
    0.6545
   -0.0000
   -6.1484
   -0.0000
    0.1048


f =

   1.0e+12 *

   -0.0000
    4.9101
   -0.0000
   -4.3016
   -0.0000
    2.9254


f =

   1.0e+12 *

   -0.0000
    5.7004
   -0.0000
   -1.5144
   -0.0000
    3.5466


f =

   1.0e+12 *

    0.0000
    7.4745
   -0.0000
   -0.2256
   -0.0000
    4.3532


f =

   1.0e+12 *

   -0.0000
    7.0944
   -0.0000
   -2.8849
   -0.0000
    3.8248


f =

   1.0e+12 *

   -0.0000
   -0.4920
    0.0000
   -5.5138
   -0.0000
   -0.7601


f =

   1.0e+12 *

   -0.0000
   -0.2008
    0.0000
   -5.6822
   -0.0000
   -0.5306


f =

   1.0e+12 *

   -0.0000
    1.5349
   -0.0000
   -6.2381
   -0.0000
    0.7428


f =

   1.0e+12 *

   -0.0000
    1.8349
   -0.0000
   -6.0348
   -0.0000
    0.9725


f =

   1.0e+12 *

   -0.0000
    2.4132
   -0.0000
   -6.0362
   -0.0000
    1.3572


f =

   1.0e+12 *

   -0.0000
    2.5421
   -0.0000
   -6.3629
   -0.0000
    1.4052


f =

   1.0e+12 *

   -0.0000
    3.6364
   -0.0000
   -6.2533
   -0.0000
    2.0804


f =

   1.0e+12 *

   -0.0000
    4.2011
   -0.0000
   -5.9018
   -0.0000
    2.4225


f =

   1.0e+12 *

   -0.0000
    6.3442
   -0.0000
   -3.1693
   -0.0000
    3.4873


f =

   1.0e+12 *

   -0.0000
    5.6891
   -0.0000
   -2.0380
   -0.0000
    3.1346


f =

   1.0e+12 *

    0.0000
    6.1674
   -0.0000
   -0.9848
   -0.0000
    3.3237


f =

   1.0e+12 *

   -0.0000
    7.5455
   -0.0000
   -1.6792
   -0.0000
    3.9456


f =

   1.0e+12 *

    0.0000
    8.0049
   -0.0000
   -0.0413
   -0.0000
    4.0006


f =

   1.0e+12 *

    0.0000
    7.7971
   -0.0000
    0.8712
   -0.0000
    3.8183


f =

   1.0e+12 *

    0.0000
    5.9749
   -0.0000
    3.6337
   -0.0000
    2.5948


f =

   1.0e+12 *

    0.0000
    4.6095
   -0.0000
    2.6158
   -0.0000
    1.9593


f =

   1.0e+12 *

    0.0000
    3.9691
   -0.0000
    3.3285
   -0.0000
    1.6607


f =

   1.0e+12 *

    0.0000
    5.3705
   -0.0000
    5.3021
   -0.0000
    2.2365


