lab1_2b

ans =

  18.018682229524316


felkvsum =

   0.557389130973815

diary off
