lab1_2c

ans =

  18.218632982180690


felkvsum =

   0.035809112743686

lab1_2c

k =

     3


ans =

  18.218632982180690


felkvsum =

   0.035809112743686

lab1_2c

k =

     2


ans =

  18.005569896431645


felkvsum =

   0.546428344628692

lab1_2c

k =

     4


ans =

  18.049974925556434


felkvsum =

   0.550299860226102

lab1_2c

k =

     3


ans =

  18.218632982180690


felkvsum =

   0.035809112743686

diary off
